
# Yaml file with configutration of sensored setup

tablecalibrator:

    markerList: [100,101,102,103,104,105,106,107,204,215,216,315,501,505,506]

    markerFixPos_100: [-0.430,  0.380, 0.0, 0.0, 0.0, 0.0, 1.0]
    markerFixPos_101: [ 0.430,  0.380, 0.0, 0.0, 0.0, 0.0, 1.0]
    markerFixPos_102: [-0.430, -0.380, 0.0, 0.0, 0.0, 0.0, 1.0]
    markerFixPos_103: [ 0.430, -0.380, 0.0, 0.0, 0.0, 0.0, 1.0]
    markerFixPos_104: [ 0.434,  0.091, 0.0, 0, 0, 0.258819, 0.9659258]
    markerFixPos_105: [ 0.435, -0.100, 0.0, 0, 0, 0.3826834, 0.9238795]
    markerFixPos_106: [-0.435,  0.100, 0.0, 0, 0, 0.3826834, 0.9238795]
    markerFixPos_107: [-0.430, -0.082, 0.0, 0, 0, 0.1305262, 0.9914449]
    markerFixPos_204: [0.05, 0.15, 0.21, 0.0, 0.0, 0.8660254, 0.5]
    markerFixPos_215: [0.25, 0.25, 0.14, 0.0, 0.0, -0.3826834, 0.9238795]
    markerFixPos_216: [-0.25, -0.25, 0.14, 0.0, 0.0, -0.5, 0.8660254]
    markerFixPos_315: [-0.25, 0.25, 0.14, 0.0, 0.0, 0.7071068, 0.7071068]
    markerFixPos_501: [-0.05, 0.05, 0.05, 0.0, 0.0, 0.9659258, -0.258819]
    markerFixPos_505: [-0.25, 0.05, 0.061, 0.069, 0.168, 0.909, 0.374]
    markerFixPos_506: [0.25, 0.05, 0.026, -0.182, 0.326, 0.801, -0.467]

    camera_frame: kinect2_rgb_optical_frame   # camera frame wrt the markers are referred

